int 1 1
f 2 1
( 6 1
int 1 1
xx 2 1
, 5 1
string 1 1
yy 2 1
) 6 1
{ 5 1
return 1 2
0 3 2
; 5 2
} 5 3
const 1 5
float 1 5
minusPI 2 5
= 4 5
- 4 5
3 3 5
. 5 5
14 3 5
; 5 5
int 1 6
a 2 6
= 4 6
( 6 6
( 6 6
( 6 6
2 3 6
+ 4 6
minusPI 2 6
) 6 6
// 4 6
2 3 6
+ 4 6
45 3 6
% 4 6
( 6 6
7 3 6
- 4 6
2 3 6
) 6 6
) 6 6
) 6 6
; 5 6
string 1 8
main 1 8
( 6 8
) 6 8
{ 5 8
a 2 9
[ 7 9
1 3 9
] 7 9
; 5 9
bool 1 10
x 2 10
= 4 10
f 2 10
( 6 10
- 4 10
1 3 10
. 5 10
12 3 10
) 6 10
; 5 10
list 1 11
[ 7 11
5 3 11
] 7 11
int 1 11
arr 2 11
= 4 11
{ 5 11
1 3 11
, 5 11
2 3 11
, 5 11
3 3 11
, 5 11
4 3 11
, 5 11
5 3 11
} 5 11
; 5 11
input 1 12
( 6 12
a 2 12
) 6 12
; 5 12
for 1 13
( 6 13
; 5 13
a 2 13
+= 4 13
1 3 13
) 6 13
{ 5 13
if 1 14
( 6 14
a 2 14
+ 4 14
4 3 14
) 6 14
{ 5 14
while 1 15
( 6 15
a 2 15
> 4 15
0 3 15
) 6 15
{ 5 15
arr 2 16
[ 7 16
2 3 16
] 7 16
= 4 16
0 3 16
; 5 16
a 2 18
= 4 18
8 3 18
; 5 18
} 5 19
continue 1 20
; 5 20
} 5 21
else 2 21
{ 5 21
print 1 22
( 6 22
"((((" 8 22
) 6 22
; 5 22
} 5 23
} 5 24
print 1 25
( 6 25
arr 2 25
[ 7 25
3 3 25
] 7 25
) 6 25
; 5 25
return 1 27
")" 8 27
; 5 27
} 5 28
_ 0 0